0	1	2	3	4	5	6	7	8	9	10	11	12	13	14	18	19	20	21	22	24	25	26	27	28	29	30	31	32	33	34	35	36	37	38	39	41	42	43	44	45	46	47	48	49	50	51	52	53	54	55	56	57	58	61	62	63	64	65	66	67	68	69	70	71	72	73	74	75	76	77	78	79	80	81	82	83	84	85	88	89	90	91	92	93	94	95	96	97	98	99	100	101	102	103	104	105	106	107	108	109	110	116	117	118	119	120	121	1	2	3	6	9	10	11	12	13	14	15	16	18	1	2	3	4	6	9	10	11	12	13	14	15	16	17	18
0	49.799	51.633	50.381	51	51	51	51	51	51	51	51	51	51	51	51	51	51	51	51	44.914	48.614	42.525	43.369	38.767	47.414	44	44	44	44	44	44	44	44	44	44	44	44	44	44	44	44	22.816	20	20	20	20	23.393	20.129	20	15.594	17.545	20	22.217	20	20	14.5	14.5	14.5	14.5	14.5	14.5	20.45	14.998	12.451	10.965	14.5	14.5	14.5	14.5	35.5	35.5	35.5	35.5	35.5	35.5	35.5	35.5	34.354	36.712	35.5	35.5	35.5	48.5	48.5	48.5	48.5	48.5	48.5	48.5	48.5	48.5	48.5	48.5	48.5	48.5	48.5	48.5	48.5	48.5	48.5	48.5	2.89	1.86	1.67	2	2.1	2.1	50.17	48.7	49.05	52.16	43.6	39.02	31.26	37.98	34.85	43.35	44.1	39.76	34.58	50.17	48.7	49.05	49.33	52.16	43.6	39.02	31.26	37.98	34.85	43.35	44.1	39.76	43.71	34.58
0	3.84	3.09	3.02	3.94	3.61	2.87	3.71	3	3	3	3.03	3.22	3.74	3	2.7	4.13	3.18	3.97	4.04	3.85	3.47	4.15	3.78	3.52	3.44	2.98	4.08	3.53	4.71	4.28	4.91	4	4	4	4	4.51	3.56	4.52	4.26	4.77	4	2.36	2.26	1.85	1.63	1.92	2.88	1.41	1.34	2.41	2.1	1.84	1.56	1.85	1.41	0.43	0.56	0.49	0.52	0.59	0.56	0.62	0.55	0.4	0.65	0.8	0.63	0.63	0.63	5.42	5.2	5.7	5.33	4.89	4.82	5.39	5.04	5.39	5.93	5.16	5.63	5.58	3	3	3	3	2.79	2.96	3.24	2.97	1.59	1.22	1.32	1.34	3.07	3.18	3.48	3.25	3.13	3.48	2.49	2.99	2.98	2.84	2.89	3.19	2.75	3.73	3.36	4.48	2.57	0.63	0.63	0.95	3.96	4.03	0.5	0.5	0.5	2.51	3.73	3.36	4.48	1.69	2.57	0.63	0.63	0.95	3.96	4.03	0.5	0.5	0.5	0.66	2.51
0	0.63	0.63	0.63	0.63	0.63	0.63	0.63	0.73	0.82	0.58	0.63	0.63	0.63	0.69	0.63	0.63	0.63	0.63	0.63	0.94	0.94	0.94	0.94	0.94	0.94	0.97	0.94	0.94	0.95	0.94	0.94	0.94	0.91	0.92	0.92	0.94	0.94	0.94	0.94	0.94	0.94	0.64	0.64	0.64	0.64	0.64	0.64	0.64	0.64	0.64	0.64	0.64	0.64	0.64	0.64	0.12	0.12	0.12	0.12	0.12	0.12	0.12	0.12	0.12	0.12	0.12	0.022	0.17	0.17	0.99	0.96	0.96	0.96	0.96	0.96	0.96	0.96	0.96	0.96	0.96	0.96	0.96	0.59	0.31	0.37	0.32	0.92	0.93	0.59	0.9	0.59	0.59	0.59	0.59	0.59	0.59	0.59	0.59	0.59	0.59	0.59	0	0	0	0	0	0	0.83	0.83	0.94	0.85	0.2	0.35	0.31	0.9	0.82	0.15	0.2	0.1	0.35	0.83	0.83	0.94	0.65	0.85	0.2	0.35	0.31	0.9	0.82	0.15	0.2	0.1	0.2	0.35
410.56	357	297	355	325	477	397	385	325	330	340	385	348	304	330	395	401	411	392	377	471	496	490	487	464	596	520	481	576	493	458	484	416	450	380	393	583	645	683	659	665	428	413	416	628	846	613	565	801	869	525	583	567	543	538	614	853	834	872	817	919	875	922	890	956	872	801	892	884	892	369	361	388	412	381	415	468	468	369	373	395	401	412	416	564	535	514	530	412	495	451	540	534	535	599	468	504	535	446	521	493	600	615	727	658	741	593	758	408	265	400	275	644	661	604	445	341	577	456	727	968	303	291	370	410	327	590	605	588	452	387	381	554	492	803	808
441.37	346	382	400	357	542	430	389	357	347	373	409	328	292	347	399	432	416	367	393	474	525	563	556	474	665	556	496	600	499	459	519	511	472	330	358	603	660	659	629	667	522	467	465	716	942	648	605	977	1037	587	599	628	569	569	673	1074	1043	1028	1019	1155	1133	1115	1090	1150	1062	1028	1146	1144	1082	437	460	426	439	475	477	532	467	437	428	411	455	443	414	544	538	489	565	401	459	456	576	593	636	737	504	493	543	505	564	529	672	942	954	952	1042	892	1030	396	240	391	293	797	822	659	511	351	712	486	852	1185	355	248	360	416	330	731	758	696	506	399	407	630	551	940	937
451.24	355	392	400	367	571	432	414	367	368	386	408	339	314	368	421	398	419	381	419	511	542	595	587	520	702	597	527	630	532	481	516	527	482	377	350	614	695	673	632	666	532	463	463	748	972	708	601	1033	1082	584	616	643	592	587	719	1127	1091	1124	1084	1215	1186	1189	1167	1268	1109	1085	1196	1206	1151	453	459	446	454	501	509	575	498	453	416	450	471	472	409	543	521	465	578	414	497	460	586	603	631	762	508	502	543	497	580	530	711	1038	1072	1053	1122	962	1102	396	244	367	277	852	876	657	535	359	741	512	899	1233	370	248	366	397	343	774	795	721	530	416	414	670	546	985	1013
460.86	370	406	425	361	588	455	401	361	356	392	428	353	303	356	436	430	431	404	425	501	538	599	590	530	728	583	530	633	517	474	512	536	492	385	391	606	676	673	627	655	516	424	490	762	992	671	629	1033	1086	565	607	638	590	587	708	1194	1150	1162	1138	1295	1242	1237	1230	1306	1163	1135	1276	1247	1194	474	482	454	470	510	509	586	523	474	435	450	451	463	424	522	542	492	548	372	466	438	617	617	670	791	517	488	555	517	591	513	737	1116	1117	1123	1246	1052	1200	392	222	374	297	920	937	660	566	351	800	539	935	1297	370	237	358	406	327	791	822	710	525	410	421	681	563	1012	1032
471.05	369	378	391	361	605	450	405	361	347	393	407	350	304	347	389	402	409	379	398	496	520	600	590	503	692	572	505	622	507	450	508	532	472	355	334	587	661	635	610	650	524	417	459	751	1003	656	595	1049	1109	560	619	621	598	554	700	1220	1195	1190	1150	1305	1265	1254	1258	1330	1189	1162	1313	1292	1229	469	475	467	469	518	517	598	515	469	435	431	473	486	399	532	530	497	564	371	447	424	605	639	685	816	497	459	561	493	572	500	702	1204	1230	1239	1311	1155	1262	391	193	370	293	930	977	679	576	343	822	540	947	1355	388	240	358	409	351	826	856	750	560	407	438	714	571	1059	1062
481.8	365	393	385	361	620	453	388	361	353	372	402	343	311	353	397	384	394	359	400	485	536	608	597	506	730	575	511	631	511	452	528	539	478	344	339	573	669	860	609	641	504	428	461	782	1049	686	619	1078	1153	553	597	621	593	592	716	1274	1224	1272	1209	1362	1330	1314	1323	1401	1244	1218	1369	1362	1291	456	478	462	482	513	536	581	519	456	428	446	473	495	391	529	533	472	547	376	463	412	625	626	700	858	473	461	545	525	558	488	741	1277	1269	1300	1362	1246	1367	390	207	365	302	969	1023	695	584	349	840	558	995	1382	402	237	361	401	355	875	915	774	567	443	447	748	587	1089	1099
491.99	374	391	422	375	638	460	404	375	363	379	415	352	315	363	409	387	411	374	410	509	563	647	634	517	787	575	543	651	522	450	531	542	480	346	351	608	697	878	624	680	539	436	467	809	1074	695	612	1102	1178	563	610	650	624	605	761	1323	1309	1312	1267	1445	1390	1392	1375	1494	1304	1281	1442	1418	1335	473	513	475	482	525	548	604	533	473	445	461	496	478	404	541	532	474	545	375	455	425	642	651	714	879	481	479	558	515	574	484	799	1355	1364	1389	1450	1346	1429	399	195	368	309	1042	1057	726	605	381	895	572	1033	1454	428	233	362	420	361	891	940	830	578	447	448	754	604	1140	1160
501.51	381	397	407	380	647	480	392	380	370	404	434	370	318	370	426	440	456	406	435	549	624	695	683	579	825	642	573	686	570	508	574	609	532	390	389	652	746	875	648	704	576	453	494	836	1103	703	645	1151	1232	595	635	669	623	611	775	1382	1401	1393	1343	1517	1456	1477	1459	1573	1391	1339	1516	1490	1425	521	543	519	539	567	590	646	574	521	484	490	532	528	408	567	580	497	577	390	462	457	663	668	740	917	492	495	567	531	586	511	837	1438	1429	1448	1549	1431	1490	420	207	399	340	1092	1130	757	657	409	948	591	1083	1522	441	246	407	442	378	944	998	852	626	475	478	799	634	1202	1213
511.53	419	453	455	426	719	540	477	426	426	465	486	409	372	426	477	486	488	480	483	656	722	823	810	691	942	792	735	816	694	636	714	751	688	532	527	761	859	952	772	814	666	492	532	886	1167	741	713	1191	1268	609	672	686	679	628	830	1468	1443	1481	1408	1597	1530	1544	1545	1639	1469	1431	1602	1578	1513	667	677	662	674	710	721	775	700	667	609	643	680	647	478	612	638	552	645	446	518	487	735	761	799	970	537	563	625	603	648	575	955	1511	1516	1542	1631	1527	1574	487	274	505	387	1186	1232	783	811	529	989	631	1162	1600	496	274	452	490	419	1032	1067	906	739	576	516	844	666	1273	1296
522.16	530	561	573	526	835	649	593	526	524	567	580	508	466	524	611	604	644	652	620	888	964	1041	1029	928	1149	1085	1020	1088	977	899	986	996	973	813	773	1012	1090	1172	1010	1044	936	611	654	990	1251	824	815	1279	1380	654	715	717	738	717	875	1557	1549	1565	1523	1718	1667	1652	1629	1737	1581	1536	1722	1679	1620	967	946	986	980	1006	1003	1055	950	967	925	930	980	921	645	786	792	722	825	613	654	630	871	893	927	1098	703	698	739	749	805	726	1161	1565	1567	1591	1675	1578	1631	687	451	730	515	1348	1366	831	1085	826	1129	719	1263	1702	621	417	657	550	504	1153	1191	945	967	789	592	927	740	1374	1399
531.97	637	667	668	623	941	769	710	623	641	689	701	618	577	641	755	736	802	821	764	1121	1192	1269	1258	1174	1352	1359	1277	1335	1226	1154	1238	1245	1237	1083	1046	1255	1322	1371	1265	1300	1168	729	784	1101	1342	912	941	1388	1488	738	770	788	830	830	958	1660	1659	1670	1627	1838	1797	1753	1744	1848	1704	1646	1810	1813	1717	1291	1245	1303	1314	1303	1304	1341	1250	1291	1248	1218	1296	1218	810	928	988	919	992	790	832	834	1010	1049	1046	1211	862	874	908	901	967	888	1363	1636	1616	1659	1760	1664	1671	885	628	944	633	1468	1506	923	1359	1134	1239	810	1393	1832	789	580	829	651	609	1261	1318	1001	1236	1028	692	1019	835	1495	1497
542.36	719	737	748	685	1024	859	774	685	696	764	782	697	639	696	836	812	864	941	834	1250	1327	1413	1402	1289	1484	1508	1435	1470	1360	1304	1397	1361	1384	1227	1190	1377	1443	1473	1364	1433	1299	808	869	1201	1452	996	1029	1508	1605	809	857	858	914	885	1020	1763	1795	1809	1758	1993	1912	1886	1876	1964	1831	1772	1980	1965	1849	1482	1429	1503	1492	1497	1474	1528	1422	1482	1448	1419	1475	1369	900	1017	1083	1014	1098	881	905	907	1112	1149	1132	1303	942	962	996	986	1038	994	1495	1729	1717	1750	1857	1764	1781	996	729	1054	723	1574	1636	987	1527	1303	1364	885	1502	1949	864	636	894	720	651	1367	1404	1079	1356	1177	748	1103	907	1606	1596
553.38	750	752	787	710	1108	895	809	710	724	807	809	726	658	724	887	845	919	992	885	1330	1398	1486	1474	1376	1589	1600	1529	1542	1430	1363	1463	1459	1459	1303	1254	1459	1515	1552	1459	1494	1363	871	943	1315	1564	1086	1092	1633	1742	878	922	926	987	953	1103	1908	1943	1941	1895	2141	2065	2045	2032	2144	1971	1921	2133	2127	2000	1582	1518	1607	1591	1610	1580	1632	1518	1582	1553	1501	1584	1464	947	1066	1125	1041	1139	916	954	944	1161	1199	1206	1347	993	1009	1031	1018	1112	1034	1600	1824	1807	1849	1950	1861	1878	1027	746	1096	742	1677	1726	1040	1651	1412	1457	957	1642	2074	906	674	965	758	689	1461	1513	1165	1473	1273	809	1191	971	1745	1731
563.37	717	734	765	695	1128	894	794	695	705	785	783	693	620	705	864	830	897	938	848	1299	1376	1484	1472	1341	1762	1578	1469	1499	1389	1320	1419	1418	1423	1251	1215	1402	1473	1490	1400	1445	1340	882	953	1359	1663	1124	1113	1736	1857	933	985	995	1019	996	1181	2081	2104	2118	2055	2298	2205	2225	2188	2335	2133	2078	2310	2302	2173	1553	1474	1569	1541	1578	1550	1605	1494	1553	1495	1466	1530	1450	900	1035	1078	1016	1107	882	927	922	1169	1199	1207	1402	954	988	1006	1009	1076	999	1774	1927	1902	1944	2046	1977	1972	958	677	1017	711	1761	1829	1097	1638	1356	1528	981	1701	2229	877	612	915	761	670	1555	1599	1229	1464	1237	818	1261	1010	1842	1839
573.92	637	676	700	645	1144	824	741	645	638	714	728	629	562	638	774	750	801	805	763	1163	1269	1386	1372	1208	1536	1411	1320	1378	1237	1170	1276	1291	1272	1072	1058	1274	1370	1357	1264	1307	1224	842	902	1389	1736	1156	1103	1823	1954	965	1043	1048	1021	994	1226	2239	2275	2274	2212	2438	2332	2430	2360	2482	2289	2221	2464	2468	2323	1377	1330	1391	1392	1410	1393	1462	1333	1377	1299	1314	1374	1306	784	937	976	904	984	747	805	801	1101	1132	1181	1424	837	869	912	927	999	893	1549	2056	2015	2079	2184	2119	2087	813	526	868	620	1827	1893	1138	1553	1200	1572	1010	1816	2340	780	520	792	725	607	1619	1684	1305	1395	1150	810	1303	1019	1925	1963
583.14	593	640	656	631	1148	773	667	631	603	673	667	574	514	603	713	696	746	735	724	1090	1203	1313	1299	1118	1480	1301	1226	1286	1138	1057	1167	1203	1162	969	946	1152	1274	1256	1152	1215	1130	816	903	1403	1819	1185	1085	1895	2011	994	1062	1088	1040	1010	1267	2368	2395	2412	2323	2570	2434	2582	2499	2694	2422	2323	2637	2612	2466	1242	1237	1269	1257	1318	1287	1362	1237	1242	1184	1191	1258	1206	725	874	910	822	917	660	726	709	1071	1083	1162	1444	764	783	855	855	930	849	1494	2139	2114	2183	2289	2217	2185	721	433	772	556	1903	1954	1164	1494	1081	1644	1033	1863	2471	725	448	726	720	571	1677	1736	1337	1334	1065	824	1365	1038	2002	2057
592.79	590	625	645	613	1165	772	675	613	579	658	666	581	501	579	691	677	726	722	695	1056	1175	1310	1295	1090	1493	1279	1173	1244	1074	1021	1128	1184	1104	903	911	1126	1265	1212	1118	1183	1100	818	903	1430	1891	1206	1090	1981	2123	1022	1131	1143	1062	1026	1325	2497	2541	2537	2443	2701	2548	2743	2661	2801	2540	2453	2804	2793	2642	1202	1184	1213	1200	1241	1242	1331	1182	1202	1140	1138	1195	1167	676	864	879	790	880	638	720	701	1050	1112	1206	1495	749	752	845	843	928	814	1507	2258	2239	2280	2396	2346	2306	673	383	724	528	1958	2029	1212	1467	1036	1690	1067	1942	2570	706	412	697	728	564	1740	1816	1415	1323	1043	843	1421	1064	2099	2166
604.97	561	613	620	606	1192	741	644	606	568	643	666	543	466	568	656	644	685	659	677	1019	1126	1286	1270	1038	1494	1222	1099	1189	1029	950	1067	1115	1060	839	843	1073	1221	1165	1065	1129	1037	817	896	1456	1947	1252	1104	2068	2201	1059	1167	1181	1075	1028	1365	2628	2636	2665	2564	2807	2662	2884	2782	2927	2646	2577	2904	2886	2729	1132	1145	1160	1156	1199	1191	1279	1130	1132	1062	1079	1150	1116	638	833	836	747	838	610	703	662	1066	1106	1213	1522	704	734	813	824	899	788	1509	2385	2341	2420	2539	2488	2423	633	342	661	508	2006	2114	1239	1438	985	1758	1093	2031	2676	675	380	663	715	544	1800	1865	1448	1301	993	853	1457	1075	2143	2239
615.65	519	582	579	571	1197	710	611	571	529	597	613	513	451	529	626	602	643	611	621	929	1073	1227	1210	958	1455	1128	1011	1110	933	849	975	1035	960	736	759	969	1143	1061	961	1054	978	794	872	1454	1968	1249	1090	2099	2233	1059	1187	1209	1064	1038	1393	2695	2728	2737	2636	2878	2722	2980	2874	3051	2722	2639	3009	2978	2850	1036	1048	1047	1036	1098	1091	1189	1040	1036	961	977	1058	1023	576	780	788	701	794	532	633	610	1024	1067	1194	1525	662	685	765	796	863	751	1470	2483	2453	2520	2608	2612	2541	573	271	596	467	2046	2147	1257	1378	899	1775	1104	2055	2728	645	332	578	700	519	1841	1915	1487	1253	940	853	1493	1095	2199	2304
624.57	514	570	570	559	1214	688	586	559	525	581	602	495	423	525	604	583	624	586	601	908	1033	1203	1187	920	1451	1054	966	1072	888	818	929	1019	916	701	709	926	1110	1022	928	1020	951	788	867	1473	2042	1271	1088	2159	2271	1084	1197	1226	1090	1052	1413	2776	2804	2825	2703	2953	2775	3073	2975	3132	2796	2715	3117	3075	2919	976	994	999	991	1045	1050	1136	992	976	908	933	1006	983	566	762	760	680	765	523	583	569	1042	1056	1203	1564	655	640	756	773	839	722	1467	2562	2533	2586	2702	2684	2599	535	244	553	454	2076	2190	1254	1338	833	1826	1115	2078	2784	623	305	568	694	514	1863	1949	1527	1215	874	867	1522	1101	2230	2335
633.83	487	558	556	556	1202	685	581	556	516	579	589	471	426	516	585	567	615	550	583	891	1035	1208	1192	898	1464	1057	940	1045	859	790	921	978	881	663	689	911	1092	994	898	989	916	776	852	1471	2010	1266	1080	2158	2275	1093	1208	1233	1082	1054	1418	2830	2852	2871	2752	2995	2805	3115	3020	3205	2831	2766	3130	3125	2936	944	971	964	956	1006	1012	1115	981	944	874	900	968	952	531	749	737	650	757	481	593	554	1029	1065	1216	1556	625	628	733	761	827	707	1480	2630	2584	2654	2765	2775	2661	520	224	543	448	2121	2218	1282	1342	824	1846	1137	2115	2814	602	290	537	697	503	1892	1975	1542	1204	883	871	1536	1118	2247	2377
643.4	492	540	552	541	1235	657	570	541	493	562	585	483	405	493	561	556	590	543	569	833	991	1171	1154	832	1438	982	874	987	798	726	848	935	806	593	642	863	1046	947	859	939	884	765	841	1469	2084	1266	1078	2187	2319	1105	1220	1245	1076	1027	1436	2885	2918	2958	2812	3066	2878	3203	3092	3355	2910	2829	3284	3211	3071	874	909	904	874	946	945	1040	899	874	795	826	896	892	504	717	711	622	722	469	574	539	1024	1061	1238	1596	608	601	714	737	801	689	1455	2723	2677	2786	2893	2871	2746	479	186	489	420	2141	2258	1296	1277	727	1898	1159	2166	2894	584	270	499	703	487	1934	2013	1575	1161	825	890	1564	1122	2290	2415
653.34	462	518	526	524	1240	639	543	524	479	542	550	446	380	479	529	518	556	484	535	770	941	1123	1106	763	1411	859	761	897	718	655	753	848	724	505	544	774	993	869	776	874	803	736	815	1473	2064	1283	1069	2208	2374	1116	1244	1271	1089	1051	1463	2978	3001	3033	2886	3139	2924	3310	3205	3387	2978	2908	3339	3272	3138	757	814	777	767	841	853	953	795	757	683	719	774	812	475	680	662	582	674	427	540	491	1006	1039	1233	1625	577	566	681	692	758	643	1428	2872	2829	2870	2991	3028	2887	441	151	435	389	2158	2264	1319	1194	653	1928	1187	2209	2931	555	243	456	692	465	1939	2030	1584	1081	761	899	1594	1130	2314	2438
663.69	426	503	510	507	1248	599	503	507	443	506	524	429	353	443	490	476	512	422	503	690	868	1076	1058	682	1381	770	655	801	619	547	662	763	619	405	458	703	951	788	704	790	725	719	799	1477	2146	1304	1051	2259	2415	1141	1264	1305	1092	1050	1502	3048	3083	3127	2947	3209	2996	3408	3276	3521	3053	2971	3418	3375	3206	647	742	675	662	718	744	850	714	647	580	615	667	709	437	649	623	550	627	394	506	471	990	1039	1244	1677	531	544	661	663	719	619	1398	2962	2914	2977	3090	3133	2990	399	103	355	343	2174	2326	1363	1094	562	1980	1205	2237	3001	541	216	418	678	445	1965	2077	1629	1014	710	904	1610	1145	2354	2519
674.42	425	489	481	485	1261	583	490	485	427	490	517	414	347	427	476	459	501	410	491	662	844	1037	1018	643	1365	706	596	753	560	498	589	713	555	331	394	646	896	750	645	743	691	708	792	1482	2184	1334	1059	2297	2451	1153	1298	1334	1110	1081	1533	3121	3161	3185	3004	3258	3061	3505	3353	3613	3125	3033	3530	3454	3319	597	687	601	603	665	695	802	666	597	516	570	612	663	429	638	610	539	610	392	510	474	1012	1046	1272	1699	526	538	664	659	708	618	1382	3050	3011	3108	3213	3235	3061	396	96	325	328	2198	2348	1389	1039	503	2042	1233	2303	3063	534	200	372	671	430	1988	2090	1675	960	665	923	1653	1167	2408	2535
682.71	430	516	509	524	1317	621	507	524	459	513	544	417	351	459	494	484	519	440	521	706	875	1084	1066	688	1416	757	623	778	595	532	633	738	598	384	430	703	946	778	702	796	722	752	823	1522	2188	1371	1095	2325	2495	1180	1339	1377	1156	1111	1580	3215	3235	3280	3111	3318	3106	3609	3476	3803	3181	3155	3574	3496	3365	653	745	662	647	720	754	854	710	653	584	626	659	709	447	668	639	576	656	403	536	517	1055	1063	1273	1747	562	547	696	690	765	637	1434	3156	3096	3187	3288	3311	3158	419	114	358	361	2270	2400	1400	1085	548	2060	1263	2345	3120	569	229	408	691	449	2049	2147	1685	1003	695	954	1663	1211	2404	2582
688.41	489	551	537	551	1360	651	556	551	485	541	572	479	404	485	554	536	588	506	570	805	995	1194	1177	782	1554	892	795	913	743	667	782	900	751	524	562	821	1051	891	808	906	855	825	899	1570	2230	1384	1157	2354	2514	1220	1349	1376	1181	1131	1584	3221	3259	3287	3108	3386	3174	3598	3472	3614	3227	3145	3649	3572	3429	822	879	826	822	879	914	998	837	822	742	776	836	859	514	739	715	628	707	482	564	550	1112	1146	1374	1778	634	621	759	763	809	728	1571	3152	3063	3174	3283	3340	3166	496	192	471	419	2350	2477	1433	1291	728	2132	1307	2378	3132	594	274	497	726	490	2097	2204	1758	1140	826	983	1715	1208	2477	2620
694.19	577	658	655	661	1411	764	663	661	586	653	668	571	489	586	660	657	712	663	709	1092	1267	1473	1456	1112	1754	1276	1156	1220	1047	990	1110	1190	1105	893	905	1091	1315	1146	1083	1160	1124	959	1045	1686	2244	1458	1252	2414	2579	1276	1386	1409	1255	1222	1635	3257	3300	3324	3177	3433	3219	3635	3495	3752	3268	3205	3663	3576	3418	1218	1248	1238	1216	1284	1276	1370	1220	1218	1147	1153	1242	1204	684	893	896	809	910	644	751	734	1263	1288	1457	1879	803	795	897	963	1033	932	1770	3112	3048	3127	3259	3285	3119	688	386	716	544	2459	2580	1528	1652	1117	2187	1349	2427	3172	760	444	688	796	585	2176	2300	1789	1470	1114	1057	1755	1272	2537	2675
700.06	717	790	797	774	1521	956	824	774	726	821	828	713	629	726	882	849	918	934	878	1513	1682	1851	1835	1543	2097	1772	1652	1670	1498	1431	1569	1622	1558	1374	1366	1528	1705	1544	1515	1579	1504	1181	1277	1863	2376	1618	1462	2506	2664	1361	1497	1509	1453	1397	1768	3253	3282	3320	3173	3478	3295	3606	3462	3694	3311	3210	3680	3624	3453	1796	1787	1827	1816	1847	1823	1903	1731	1796	1749	1722	1802	1719	1004	1193	1220	1129	1215	964	1053	1033	1506	1532	1642	2045	1129	1121	1198	1278	1346	1268	2112	3077	3027	3092	3215	3267	3084	1015	708	1112	763	2596	2707	1658	2139	1704	2307	1515	2558	3251	1010	694	1034	903	738	2322	2432	1827	1910	1574	1191	1854	1427	2648	2743
706.07	929	994	1030	936	1663	1203	1067	936	930	1058	1040	901	831	930	1111	1075	1196	1246	1121	1991	2114	2240	2228	2030	2443	2297	2172	2158	2022	1977	2102	2102	2107	1947	1885	2027	2135	2018	2007	2059	2019	1485	1594	2118	2525	1779	1731	2675	2832	1519	1546	1585	1573	1545	1867	3278	3325	3345	3241	3516	3344	3597	3504	3647	3362	3267	3673	3639	3449	2458	2382	2457	2472	2495	2456	2488	2369	2458	2411	2344	2442	2295	1447	1560	1625	1573	1649	1378	1448	1440	1818	1848	1915	2235	1550	1546	1596	1688	1755	1698	2454	3041	2958	3062	3195	3222	3046	1550	1221	1634	989	2816	2942	1788	2672	2327	2526	1702	2720	3337	1400	1102	1412	1078	916	2498	2573	1976	2357	2078	1391	2037	1583	2869	2891
712.17	1253	1313	1350	1264	1976	1554	1397	1264	1249	1388	1376	1237	1139	1249	1500	1422	1546	1729	1485	2583	2691	2833	2822	2682	2946	3010	2854	2820	2690	2629	2763	2754	2764	2631	2569	2704	2750	2648	2691	2740	2614	1871	1995	2492	2853	2153	2088	2962	3165	1769	1861	1868	1940	1891	2149	3421	3501	3494	3396	3721	3563	3760	3618	3792	3551	3454	3834	3838	3648	3192	3128	3267	3219	3200	3151	3191	3074	3192	3188	3090	3173	2967	2017	2103	2210	2131	2192	1971	2036	2060	2284	2330	2309	2573	2182	2178	2188	2232	2297	2287	2956	3153	3087	3108	3259	3337	3139	2166	1797	2254	1377	3128	3163	2018	3247	3020	2804	1963	3037	3593	1855	1564	1970	1282	1202	2632	2775	2130	2883	2646	1640	2232	1866	3038	3016
718.37	1697	1721	1770	1658	2337	1986	1851	1658	1669	1822	1820	1673	1540	1669	2012	1922	2082	2305	2024	3347	3461	3480	3473	3436	3497	3682	3575	3509	3496	3435	3542	3465	3548	3477	3397	3446	3468	3397	3417	3449	3353	2377	2479	2945	3251	2506	2534	3363	3596	2110	2135	2102	2276	2200	2414	3562	3670	3646	3572	3931	3815	3919	3785	3847	3759	3624	3975	3999	3785	3953	3887	4014	4046	3977	3866	3899	3855	3953	3996	3876	3931	3662	2694	2746	2935	2784	2816	2672	2696	2679	2755	2837	2704	2970	2904	2889	2893	2889	2921	3012	3503	3199	3131	3199	3377	3401	3200	2932	2585	3056	1814	3338	3478	2291	3771	3693	3197	2300	3351	3849	2464	2224	2568	1631	1529	2923	3009	2301	3370	3234	1966	2529	2120	3397	3280
724.74	2273	2278	2375	2220	2812	2613	2489	2220	2268	2462	2418	2250	2108	2268	2679	2576	2713	3000	2709	4175	4224	4203	4199	4249	4179	4568	4381	4280	4335	4345	4366	4252	4406	4397	4239	4431	4346	4338	4432	4432	4220	2869	2982	3407	3661	2999	2997	3774	3968	2467	2483	2463	2693	2635	2749	3721	3822	3778	3729	4066	3978	4060	3922	3980	3903	3779	4025	4094	3862	4758	4729	4858	4907	4816	4714	4671	4679	4758	4871	4709	4777	4464	3529	3452	3682	3676	3648	3519	3625	3621	3329	3383	3127	3307	3721	3858	3761	3658	3685	3820	4181	3293	3242	3249	3418	3481	3272	3849	3462	3976	2454	3612	3662	2562	4287	4428	3478	2589	3652	4044	3269	3067	3456	2014	2087	3115	3246	2545	3897	3885	2293	2780	2434	3652	3461
731.23	3049	3029	3100	2949	3391	3275	3210	2949	3042	3190	3102	2977	2873	3042	3474	3376	3461	3953	3556	5046	5031	4924	4923	5101	4805	5327	5227	5108	5233	5272	5230	5115	5264	5298	5098	5374	5223	5243	5396	5385	5069	3403	3532	3907	4089	3459	3483	4203	4466	2827	2797	2791	3049	2974	3065	3866	3973	3940	3897	4276	4198	4217	4100	4032	4079	3958	4241	4293	4099	5628	5553	5637	5734	5602	5524	5466	5577	5628	5803	5531	5545	5233	4353	4229	4527	4523	4435	4425	4498	4469	3860	3912	3603	3752	4756	4795	4752	4468	4477	4719	4804	3388	3288	3362	3547	3556	3350	4788	4559	5008	3159	3861	4002	2851	4774	5147	3855	2882	3941	4341	4122	3860	4284	2500	2645	3296	3401	2661	4288	4452	2541	3035	2653	3866	3742
737.76	3795	3775	3799	3669	3945	3910	3963	3669	3829	3944	3913	3736	3624	3829	4255	4163	4207	4802	4416	5655	5630	5449	5450	5734	5254	5946	5791	5684	5956	6016	5915	5734	5932	5914	5750	6130	5957	6037	6169	6184	5795	3873	4033	4373	4537	3944	3941	4637	4831	3188	3143	3093	3372	3310	3280	3995	4092	4034	4021	4427	4380	4332	4183	4086	4225	4071	4341	4408	4231	6175	6141	6194	6322	6142	6073	5958	6191	6175	6410	6120	6086	5736	5032	4835	5166	5168	5046	5086	5264	5228	4262	4386	3905	4045	5580	5645	5580	5121	5145	5447	5249	3470	3424	3430	3627	3671	3426	5491	5257	5797	3905	3960	4093	3046	5031	5643	4097	3096	4115	4411	4833	4652	5066	2901	3263	3436	3555	2797	4649	4899	2822	3230	2845	4145	3868
744.5	4489	4403	4329	4344	4383	4373	4599	4344	4457	4542	4468	4358	4305	4457	4899	4809	4724	5357	5057	6048	5935	5767	5771	6094	5558	6235	6074	5965	6306	6420	6212	6006	6284	6407	6087	6655	6436	6559	6714	6639	6147	4053	4197	4527	4644	4092	4084	4723	4984	3305	3252	3213	3449	3414	3373	3969	4081	4054	4013	4374	4355	4350	4188	4096	4177	4100	4291	4357	4158	6556	6518	6555	6695	6511	6450	6288	6600	6556	6804	6498	6468	6112	5469	5234	5650	5647	5497	5558	5665	5549	4517	4566	4137	4233	6040	6135	6022	5591	5600	5892	5551	3440	3370	3441	3646	3628	3384	6026	5879	6469	4470	4128	4240	3210	5253	5973	4177	3179	4326	4579	5187	5120	5547	3216	3809	3518	3611	2919	4860	5236	2876	3335	2928	4264	3965
751.36	5008	4960	4882	4893	4763	4773	5106	4893	5066	5074	4991	4887	4813	5066	5452	5361	5205	5940	5662	6342	6270	6053	6057	6407	5752	6555	6390	6293	6595	6756	6509	6363	6588	6723	6398	7004	6794	6927	7083	7028	6543	4321	4447	4782	4927	4380	4320	4985	5186	3517	3460	3423	3646	3603	3554	4044	4177	4096	4084	4430	4436	4410	4251	4120	4263	4155	4389	4469	4281	6741	6792	6796	6962	6748	6642	6512	6838	6741	7102	6760	6687	6286	5741	5529	5900	5930	5769	5957	6058	5998	4691	4822	4262	4389	6514	6599	6491	5951	5933	6284	5743	3557	3460	3478	3668	3717	3482	6398	6102	6843	4955	4164	4234	3258	5454	6104	4300	3280	4315	4617	5558	5495	5952	3462	4122	3584	3709	3019	4885	5361	2976	3339	3039	4288	4023
758.3	5307	5238	5077	5225	4929	5020	5384	5225	5428	5393	5214	5150	5169	5428	5593	5515	5272	6077	5855	6383	6305	6076	6082	6460	5729	6614	6405	6327	6656	6760	6545	6357	6555	6724	6371	6948	6928	7014	7022	7014	6465	4296	4458	4790	4855	4356	4334	4942	5217	3523	3436	3412	3608	3594	3538	3978	4087	4037	4012	4401	4416	4342	4173	4063	4229	4099	4322	4408	4212	6874	6949	6927	7078	6814	6789	6573	6996	6874	7192	6885	6778	6375	5847	5569	5962	6090	5903	5953	6175	6080	4735	4853	4327	4424	6568	6721	6539	6050	5991	6337	5720	3514	3490	3472	3673	3721	3436	6482	6400	7100	5203	4261	4383	3305	5541	6209	4312	3327	4390	4744	5741	5545	6074	3613	4331	3571	3688	2957	4974	5403	2942	3391	3000	4293	4084
765.41	5555	5385	5242	5371	5053	5026	5500	5371	5596	5531	5446	5368	5365	5596	5911	5848	5587	6344	6202	6541	6458	6174	6179	6590	5899	6687	6516	6453	6776	6902	6658	6490	6708	6883	6525	7355	7054	7203	7429	7378	6696	4460	4593	4938	5081	4487	4384	5124	5284	3652	3502	3465	3687	3625	3580	4017	4158	4106	4061	4446	4488	4377	4250	4138	4273	4156	4371	4471	4269	6994	6900	6908	7095	6858	6836	6644	7035	6994	7273	6887	6832	6474	5857	5704	6045	6075	5865	6073	6222	6124	4769	4906	4340	4406	6714	6912	6742	6215	6172	6508	5890	3546	3470	3460	3655	3714	3474	6621	6463	7309	5292	4181	4369	3353	5395	6394	4320	3329	4348	4656	5877	5790	6362	3682	4659	3601	3788	3106	5093	5551	3067	3493	3053	4427	4134
772.64	5525	5433	5279	5466	5102	5093	5609	5466	5613	5519	5485	5369	5430	5613	5980	5911	5631	6352	6224	6539	6420	6197	6202	6609	5918	6657	6462	6353	6785	6932	6675	6468	6729	6880	6523	7197	7102	7197	7284	7231	6696	4420	4561	4898	5027	4477	4412	5081	5321	3607	3553	3523	3697	3662	3613	4069	4191	4131	4112	4471	4479	4445	4291	4147	4291	4196	4386	4451	4279	6872	6898	6939	7105	6864	6780	6610	7022	6872	7224	6920	6829	6443	5927	5689	6064	6127	5935	6064	6215	6164	4774	4837	4284	4434	6704	6882	6703	6244	6185	6551	5909	3564	3498	3523	3710	3752	3468	6641	6412	7162	5467	4286	4395	3364	5489	6262	4364	3345	4390	4677	5891	5762	6307	3777	4593	3651	3779	3090	5054	5490	3018	3408	3067	4404	4156
780.01	5673	5549	5384	5626	5123	5181	5676	5626	5869	5754	5591	5522	5530	5869	6007	5952	5627	6423	6289	6590	6461	6256	6261	6648	5945	6769	6519	6426	6834	6884	6739	6550	6666	6888	6508	7246	7080	7270	7337	7289	6694	4488	4631	4973	5112	4558	4481	5179	5376	3689	3602	3550	3758	3716	3646	4060	4175	4119	4096	4526	4551	4421	4261	4112	4366	4157	4421	4538	4327	7044	7048	6976	7110	6880	6863	6789	7092	7044	7414	6917	6847	6496	5899	5807	6120	6083	5903	6152	6301	6216	4811	4989	4407	4519	6773	7007	6790	6276	6140	6554	5936	3691	3586	3594	3796	3854	3580	6691	6456	7248	5489	4282	4449	3385	5568	6258	4370	3356	4323	4834	5791	5710	6268	3749	4620	3625	3847	3029	5028	5534	3016	3468	3036	4362	4141
787.57	5685	5534	5336	5575	5197	5188	5712	5575	5738	5627	5565	5493	5541	5738	6013	5947	5676	6416	6236	6565	6449	6212	6217	6597	5903	6662	6522	6413	6779	6936	6660	6478	6733	6858	6484	7267	7062	7202	7350	7322	6677	4461	4587	4935	5071	4523	4459	5128	5334	3637	3559	3588	3714	3735	3709	4110	4234	4179	4149	4499	4517	4476	4335	4186	4340	4238	4433	4479	4321	6921	6951	7007	7209	6951	6884	6667	7087	6921	7278	7031	6912	6503	5903	5696	6030	6148	5968	6040	6116	6077	4809	4941	4404	4458	6744	6894	6701	6266	6246	6524	5895	3652	3545	3604	3786	3824	3551	6651	6567	7359	5558	4338	4448	3436	5623	6387	4364	3405	4417	4777	6204	5754	6399	3845	4710	3686	3847	3166	5151	5592	3072	3511	3123	4412	4230
795.17	5663	5601	5360	5663	5213	5189	5733	5663	5823	5702	5598	5491	5509	5823	6015	5954	5662	6468	6349	6581	6505	6289	6294	6678	6003	6769	6527	6436	6848	6992	6740	6550	6794	6894	6484	7295	7138	7292	7361	7305	6687	4498	4651	4989	5138	4566	4503	5180	5380	3688	3567	3526	3722	3685	3643	4180	4283	4237	4209	4569	4585	4538	4391	4245	4415	4282	4480	4567	4359	7024	7074	7054	7208	6955	6854	6694	7041	7024	7328	6999	6888	6492	5926	5742	6104	6140	5961	6112	6274	6226	4863	4932	4407	4531	6769	6979	6816	6285	6340	6551	5994	3710	3619	3659	3860	3907	3609	6660	6406	7273	5462	4344	4497	3454	5583	6353	4392	3376	4461	4864	5887	5800	6270	3776	4678	3730	3881	3066	5083	5613	3057	3474	3047	4451	4233
802.96	5762	5590	5360	5645	5199	5213	5786	5645	5820	5722	5659	5592	5628	5820	6031	5990	5655	6535	6329	6636	6507	6299	6304	6671	5987	6803	6635	6521	6904	6889	6809	6648	6669	6939	6506	7290	7148	7265	7344	7303	6722	4516	4669	5031	5171	4579	4545	5220	5418	3727	3633	3623	3798	3762	3727	4119	4249	4225	4162	4638	4651	4477	4367	4256	4465	4275	4551	4642	4425	7014	7022	7011	7165	6921	6869	6718	7079	7014	7345	6977	6880	6504	5908	5749	6088	6137	5967	6113	6268	6224	4905	5036	4493	4527	6874	7000	6884	6353	6345	6596	5979	3769	3727	3672	3870	3960	3667	6644	6467	7223	5544	4335	4518	3453	5608	6346	4447	3357	4446	4794	5837	5778	6418	3827	4701	3744	3923	3205	5159	5622	3094	3505	3113	4409	4257
810.86	5679	5611	5378	5696	5291	5168	5719	5696	5803	5675	5602	5490	5525	5803	6012	5946	5679	6428	6300	6593	6497	6313	6317	6684	6022	6767	6552	6447	6810	6954	6706	6495	6756	6903	6463	7312	7118	7312	7401	7367	6647	4458	4598	4965	5130	4569	4468	5157	5354	3665	3586	3560	3744	3716	3634	4192	4307	4255	4224	4585	4600	4567	4400	4290	4417	4316	4483	4581	4390	6925	7101	7085	7317	7021	6989	6699	7087	6925	7310	7092	6979	6604	5919	5765	6061	6132	5951	6079	6248	6201	4848	4971	4433	4548	6745	6962	6738	6302	6314	6560	6014	3769	3656	3687	3877	3955	3652	6643	6485	7356	5528	4402	4502	3486	5607	6474	4399	3403	4474	4938	5866	5837	6397	3906	4793	3798	3954	3156	5231	5650	3063	3507	3079	4512	4309
831.37	5672	5599	5380	5682	5261	5247	5752	5682	5872	5745	5662	5512	5536	5872	6107	6055	5739	6520	6388	6639	6550	6330	6334	6681	6053	6831	6597	6483	6856	7002	6761	6566	6808	6889	6532	7299	7145	7285	7368	7309	6749	4515	4654	5040	5200	4608	4527	5238	5432	3740	3638	3626	3811	3789	3769	4314	4438	4374	4353	4707	4725	4692	4533	4375	4552	4424	4633	4696	4502	6989	7073	7062	7224	6976	6953	6730	7089	6989	7322	7048	6923	6604	5928	5814	6110	6166	5980	6112	6332	6254	4973	5044	4495	4635	6836	6995	6854	6435	6442	6680	6045	3922	3843	3833	4021	4097	3799	6731	6557	7261	5548	4463	4589	3535	5683	6431	4505	3459	4516	4951	5965	5841	6427	3862	4745	3861	4014	3249	5212	5708	3130	3584	3149	4543	4359
844.07	5734	5632	5411	5611	5222	5183	5780	5611	5806	5661	5586	5536	5579	5806	6074	6019	5723	6501	6284	6553	6459	6234	6238	6574	5967	6706	6569	6447	6802	6886	6704	6546	6686	6824	6469	7246	7039	7187	7308	7298	6660	4477	4632	5012	5147	4551	4509	5202	5401	3721	3619	3644	3778	3781	3788	4271	4398	4316	4312	4723	4726	4643	4466	4364	4550	4370	4659	4713	4537	7025	7049	7035	7218	6988	6949	6744	7112	7025	7324	7018	6936	6618	5888	5843	6110	6114	5950	6125	6245	6172	4971	5085	4557	4674	6881	6981	6875	6456	6463	6705	5960	4006	3929	3912	4085	4191	3880	6844	6609	7256	5650	4495	4690	3646	5827	6579	4595	3517	4563	5034	6025	5899	6402	3865	4775	3817	4024	3301	5250	5722	3131	3582	3179	4627	4394
852.72	5786	5726	5550	5718	5346	5271	5862	5718	5855	5768	5614	5595	5599	5855	6132	6072	5788	6575	6450	6669	6565	6360	6363	6706	6130	6882	6627	6525	6914	6995	6805	6626	6801	6896	6518	7368	7209	7343	7447	7397	6718	4508	4661	5049	5219	4592	4529	5266	5474	3748	3672	3606	3824	3768	3759	4381	4496	4461	4416	4812	4815	4743	4607	4446	4655	4512	4725	4791	4583	7167	7144	7181	7366	7112	7068	6868	7272	7167	7450	7194	7075	6719	6001	5912	6206	6258	6070	6236	6429	6368	5025	5146	4639	4744	6953	7157	6966	6551	6573	6807	6123	4117	4009	3982	4154	4344	3997	6747	6640	7364	5588	4491	4749	3586	5651	6572	4567	3513	4565	5000	6077	5858	6328	3884	4837	3917	4093	3310	5365	5718	3139	3619	3142	4608	4397
861.61	5803	5655	5372	5690	5234	5218	5767	5690	5872	5726	5626	5593	5669	5872	6092	6011	5703	6493	6333	6532	6444	6271	6274	6599	5982	6722	6547	6419	6810	6910	6708	6543	6694	6834	6481	7144	7068	7166	7223	7159	6670	4476	4602	5004	5150	4491	4504	5203	5416	3704	3593	3613	3755	3765	3793	4336	4459	4376	4379	4762	4779	4707	4516	4394	4597	4418	4689	4743	4571	7025	7134	7096	7216	6951	6932	6754	7047	7025	7334	7027	6936	6590	5922	5804	6100	6153	5973	6124	6249	6191	5016	5147	4677	4754	6879	7010	6898	6579	6490	6775	5975	4036	3966	3989	4180	4245	3914	6795	6578	7249	5621	4540	4674	3583	5818	6460	4612	3518	4563	5116	5938	5829	6433	3860	4717	3924	4048	3307	5240	5725	3185	3611	3188	4604	4399
870.46	5771	5714	5449	5720	5336	5231	5765	5720	5870	5786	5628	5580	5604	5870	6131	6038	5785	6491	6357	6463	6401	6217	6220	6544	6047	6782	6561	6431	6773	6897	6662	6497	6713	6854	6480	7301	7050	7218	7352	7337	6704	4459	4598	5025	5202	4589	4503	5240	5408	3719	3662	3617	3811	3766	3776	4374	4490	4425	4405	4766	4781	4724	4577	4447	4631	4475	4688	4749	4589	7132	7149	7165	7322	7087	7003	6808	7234	7132	7385	7165	7041	6655	5984	5883	6171	6222	6041	6178	6322	6272	5051	5153	4638	4778	6864	7080	6878	6597	6538	6820	6041	4140	4067	4056	4206	4365	3976	6902	6666	7342	5659	4591	4826	3681	5779	6687	4609	3578	4618	5135	6071	5954	6373	3937	4865	3947	4109	3340	5392	5816	3192	3639	3182	4693	4493
879.54	5785	5700	5438	5663	5302	5235	5811	5663	5801	5722	5638	5584	5622	5801	6107	6014	5747	6550	6395	6548	6412	6210	6213	6562	6048	6759	6534	6435	6785	6858	6710	6572	6647	6709	6406	7193	7027	7204	7258	7208	6551	4467	4603	5015	5165	4516	4506	5256	5436	3717	3612	3634	3755	3754	3858	4387	4489	4466	4407	4832	4845	4747	4596	4446	4677	4493	4775	4841	4655	7024	7087	7106	7287	7063	6982	6788	7201	7024	7324	7111	7023	6650	5910	5869	6152	6192	6001	6169	6351	6283	5080	5201	4713	4799	6953	7068	6969	6531	6525	6766	6042	4175	4056	4055	4240	4380	4009	6766	6605	7317	5592	4587	4803	3611	5909	6582	4689	3558	4643	5145	6008	5903	6309	3955	4807	3984	4099	3430	5328	5753	3223	3663	3241	4668	4521
888.9	5707	5653	5452	5736	5338	5336	5876	5736	5907	5829	5684	5559	5561	5907	6143	6065	5812	6522	6455	6603	6515	6307	6310	6648	6036	6752	6555	6450	6841	6925	6735	6570	6714	6870	6487	7224	7070	7176	7279	7264	6657	4450	4612	5061	5260	4613	4518	5282	5477	3763	3708	3713	3871	3862	3910	4485	4573	4505	4485	4882	4909	4834	4679	4540	4740	4556	4793	4880	4685	7095	7179	7155	7296	7028	6998	6838	7166	7095	7421	7139	7014	6650	5986	5906	6149	6218	6054	6149	6333	6234	5116	5239	4669	4789	6937	7054	6993	6632	6590	6843	6030	4249	4139	4162	4327	4432	4096	6884	6652	7303	5693	4684	4792	3678	5874	6640	4693	3637	4662	5235	6005	5955	6333	3930	4868	4009	4144	3396	5497	5832	3207	3690	3273	4785	4554
898.31	5790	5700	5474	5690	5321	5234	5728	5690	5837	5718	5579	5557	5595	5837	6077	6012	5747	6522	6408	6618	6526	6307	6310	6631	6087	6740	6560	6440	6838	6925	6744	6564	6725	6776	6431	7240	7082	7200	7305	7264	6660	4457	4598	5040	5223	4536	4540	5262	5458	3747	3662	3675	3809	3798	3917	4513	4594	4555	4539	4945	4959	4893	4728	4551	4761	4579	4819	4897	4700	7073	7127	7119	7293	7080	7031	6856	7187	7073	7380	7127	7030	6710	6005	5927	6161	6243	6073	6190	6355	6341	5120	5209	4763	4850	6892	7112	6953	6548	6557	6773	6081	4282	4164	4133	4308	4512	4108	6879	6714	7293	5643	4664	4889	3698	5967	6671	4728	3645	4677	5253	6026	5887	6401	3939	4827	4009	4210	3417	5419	5791	3229	3705	3249	4746	4556
907.87	5710	5642	5443	5642	5277	5337	5816	5642	5846	5742	5610	5520	5476	5846	6139	6080	5791	6648	6348	6718	6599	6423	6425	6734	6162	6887	6771	6628	6832	6892	6727	6608	6708	6939	6529	7289	7056	7269	7367	7303	6713	4568	4708	5149	5357	4659	4662	5413	5594	3875	3762	3769	3909	3910	3999	4554	4648	4592	4610	4953	4970	4912	4741	4690	4826	4645	4965	4995	4870	7049	7056	7084	7196	7062	6984	6847	7186	7049	7342	7061	7004	6642	6010	5958	6182	6225	6032	6205	6393	6299	5136	5249	4723	4801	7021	7095	7017	6698	6628	6834	6157	4352	4207	4186	4379	4556	4206	6920	6693	7361	5724	4675	4896	3773	5961	6705	4762	3661	4731	5239	6060	5917	6380	4001	4857	3997	4209	3511	5476	5878	3334	3738	3305	4825	4622
917.6	5734	5589	5311	5689	5361	5296	5697	5689	5814	5733	5604	5552	5559	5814	6141	6061	5796	6487	6375	6616	6494	6320	6322	6618	6116	6713	6521	6356	6757	6827	6632	6485	6632	6777	6454	7161	6980	7133	7210	7194	6556	4416	4570	5015	5230	4576	4541	5279	5517	3785	3718	3683	3845	3866	3935	4595	4675	4689	4593	4980	5003	4935	4845	4709	4840	4710	4904	4962	4791	7021	7087	7096	7282	7028	6951	6746	7120	7021	7239	7121	6967	6608	6024	5938	6150	6258	6076	6158	6331	6348	5106	5271	4814	4881	6862	7051	6899	6599	6612	6826	6111	4347	4240	4203	4356	4545	4196	7027	6725	7275	5688	4789	4895	3807	5932	6640	4834	3737	4832	5360	6150	5899	6325	4060	4823	4049	4232	3428	5443	5819	3290	3778	3273	4897	4651
927.35	5704	5658	5427	5626	5286	5298	5787	5626	5768	5690	5515	5494	5498	5768	6106	6023	5785	6526	6385	6565	6450	6294	6296	6575	6012	6766	6555	6403	6773	6883	6644	6498	6668	6703	6398	7063	6887	7039	7099	7124	6452	4331	4486	5016	5211	4533	4578	5257	5469	3805	3695	3702	3837	3823	3949	4658	4767	4726	4715	5080	5107	5067	4879	4754	4967	4757	4969	5077	4858	7001	7018	7016	7157	6991	6959	6797	7089	7001	7301	7035	6932	6581	5947	5961	6131	6206	6022	6179	6415	6405	5140	5261	4861	4912	6853	7116	6937	6564	6560	6717	6007	4431	4306	4315	4481	4658	4266	6727	6577	7114	5609	4745	4971	3739	5966	6596	4837	3702	4773	5352	5814	5831	6021	3924	4723	4128	4256	3418	5396	5726	3240	3707	3271	4734	4611
942.46	5489	5426	5311	5399	5222	5208	5597	5399	5596	5538	5378	5262	5263	5596	5980	5910	5736	6457	6261	6405	6369	6209	6210	6394	5991	6610	6455	6319	6539	6609	6420	6359	6431	6527	6245	6821	6654	6852	6894	6928	6216	4228	4380	4791	5194	4415	4480	5143	5381	3772	3710	3669	3773	3775	4067	4808	4893	4891	4843	5210	5193	5195	5064	4969	5121	4912	5131	5249	5044	6720	6691	6724	6869	6701	6688	6548	6827	6720	6933	6724	6647	6443	5876	5963	6001	6107	5881	6053	6348	6383	5161	5234	4827	4992	6658	6898	6817	6468	6453	6594	5986	4540	4437	4403	4531	4746	4360	6661	6425	6775	5408	4766	4931	3687	5892	6394	4919	3758	4838	5411	5847	5613	5850	3969	4579	4084	4249	3403	5273	5533	3385	3791	3291	4851	4678
957.79	5155	5179	5025	5148	5033	4932	5226	5148	5273	5188	5078	4932	4935	5273	5661	5602	5499	6058	5916	5944	5946	5744	5745	5913	5680	6133	5972	5835	6003	6014	5879	5853	5863	5981	5704	6326	6213	6331	6369	6369	5726	3716	3802	4345	4699	3998	4012	4753	5038	3448	3434	3474	3450	3448	3890	4780	4818	4827	4724	5124	5146	5137	5057	5002	4981	4897	5081	5197	5016	6298	6357	6416	6481	6420	6365	6260	6430	6298	6606	6360	6356	6153	5634	5742	5723	5823	5534	5812	6027	6123	5076	5163	4740	4933	6295	6532	6485	6121	6175	6261	5677	4489	4441	4421	4547	4807	4346	6499	6214	6402	5157	4779	4925	3602	5714	6131	4926	3831	4874	5470	5873	5481	5503	3864	4473	4037	4242	3114	5107	5365	3332	3896	3381	5016	4701
968.1	5114	5052	4950	5117	5013	4898	5155	5117	5214	5180	5021	4913	4861	5214	5551	5452	5360	5904	5736	5822	5741	5648	5648	5766	5571	5898	5771	5686	5907	5896	5812	5727	5763	5727	5514	6113	6042	6156	6191	6226	5723	3623	3781	4300	4649	3904	3997	4730	4984	3386	3370	3407	3386	3343	3833	4768	4826	4825	4725	5151	5129	5142	5030	4987	5031	4849	5108	5192	5019	6260	6290	6276	6414	6276	6197	6114	6339	6260	6409	6330	6237	6016	5650	5679	5653	5739	5470	5774	6010	6008	5033	5171	4777	4971	6202	6501	6401	6126	6121	6278	5568	4584	4467	4475	4648	4831	4432	6353	6093	6227	5108	4685	4843	3551	5662	6038	4966	3840	4903	5446	5836	5443	5439	3894	4441	4033	4273	3372	5143	5334	3396	3859	3384	4984	4787
978.47	5071	5113	4988	5051	5017	4856	5145	5051	5121	5161	5026	4914	4871	5121	5564	5417	5305	5844	5606	5761	5675	5574	5574	5710	5522	5867	5754	5659	5750	5812	5678	5616	5706	5760	5519	6085	5994	6102	6122	6179	5608	3585	3725	4233	4629	3911	4011	4708	4986	3370	3383	3327	3333	3321	3771	4732	4804	4829	4710	5065	5079	5097	4981	4943	4980	4825	5072	5084	5017	6271	6281	6304	6420	6287	6310	6241	6313	6271	6541	6309	6251	6074	5637	5583	5661	5667	5437	5703	5926	5940	5071	5177	4790	5051	6202	6423	6326	6167	6107	6351	5519	4566	4454	4446	4612	4810	4411	6526	6233	6173	5156	4731	4978	3579	5655	6133	4972	3865	4948	5501	5776	5352	5322	3864	4422	4046	4208	3394	5122	5328	3406	3941	3330	4999	4758
989.27	5207	5215	5025	5108	5066	4957	5241	5108	5205	5205	5045	4952	4922	5205	5533	5434	5267	5915	5667	5718	5650	5574	5574	5721	5533	5899	5722	5670	5895	5908	5796	5753	5738	5617	5460	6089	6040	6127	6154	6148	5697	3584	3731	4308	4680	3951	4025	4729	4953	3364	3391	3402	3371	3366	3845	4772	4854	4779	4785	5178	5175	5171	4997	4927	5058	4811	5203	5181	5093	6324	6382	6383	6483	6366	6290	6142	6448	6324	6465	6356	6313	6082	5704	5753	5715	5735	5471	5841	5955	5960	5143	5232	4849	5058	6285	6522	6426	6142	6164	6314	5530	4652	4529	4552	4710	4945	4487	6373	6183	6335	5174	4857	4968	3576	5781	6084	5076	3863	4985	5590	5723	5460	5450	3868	4388	4094	4344	3397	5129	5310	3398	3924	3429	5117	4804
999.94	5305	5266	5156	5223	5163	5006	5266	5223	5306	5306	5175	5106	5035	5306	5707	5605	5457	5959	5724	5871	5869	5717	5717	5866	5648	6012	5831	5819	5950	6039	5836	5775	5873	5830	5674	6223	6203	6311	6245	6265	5756	3780	3907	4484	4840	4033	4221	4878	5140	3516	3451	3498	3466	3424	3951	4872	4925	4922	4847	5193	5200	5241	5081	4998	5096	4939	5199	5200	5094	6516	6486	6527	6574	6511	6427	6407	6585	6516	6720	6495	6430	6226	5761	5777	5807	5847	5574	5860	6061	6100	5243	5336	4943	5132	6342	6597	6480	6418	6377	6539	5645	4756	4618	4618	4813	5020	4595	6564	6280	6287	5205	4871	5073	3696	5845	6196	5054	3937	5061	5655	5963	5508	5463	3989	4539	4208	4405	3506	5297	5483	3550	4016	3514	5168	4900
